1111111011101101101001010111101111111
1000001010001011111100000000001000001
1011101010011011000011110011101011101
1011101010001001001001001010001011101
1011101011101000010011000000101011101
1000001001011111011000011100101000001
1111111010101010101010101010101111111
0000000010111111000111111100000000000
0101011011110110111101000000011011111
0001110111001110101001000111111000001
1101001101000110110010110000110101111
0000010110000011100000111000001110000
1011011001011010010110100101101001011
1110000001110000011100000111000001110
0101001101101001011010010110100101101
1111010100110010101100111011001001111
0001011010001011101110010110011111110
0001010010001010110010101000110011001
0001011110101010101111010001011001010
1010100001000101010001001100010011000
0001011110001000100010111000111101100
1110110101010111001100110111010101110
1100111100101110100110111011110111101
1010100101000100110001001101100001000
1010111101010100011010011000001000001
1101110010101110110011101000101010101
0110011010011011101101111001110111011
0111010110110010101110111011010010100
1110101101100101111101010110111111010
0000000010101001101111111100100011110
1111111000001010100010111010101011011
1000001010101101011101100101100011110
1011101000101011101110011000111111000
1011101010011000110011000010110000101
1011101001101110100010101000110010101
1000001010000100011011101110001011101
1111111000100011101110111011001011111
